14305,
14304,
14303,
14302,
14301,
14280,
14276,
14273,
14272,
14270,
14269,
14267,
14265,
14264,
14263,
14261,
14260,
14241,
14240,
14233,
14231,
14228,
14227,
14226,
14225,
14224,
14223,
14222,
14221,
14220,
14219,
14218,
14217,
14216,
14215,
14214,
14213,
14212,
14211,
14210,
14209,
14208,
14207,
14206,
14205,
14204,
14203,
14202,
14201,
14174,
14173,
14172,
14171,
14170,
14169,
14168,
14167,
14166,
14151,
14150,
14145,
14144,
14143,
14141,
14140,
14139,
14138,
14136,
14135,
14134,
14133,
14132,
14131,
14130,
14129,
14127,
14126,
14125,
14120,
14113,
14112,
14111,
14110,
14109,
14108,
14107,
14105,
14103,
14102,
14101,
14098,
14095,
14094,
14092,
14091,
14086,
14085,
14083,
14082,
14081,
14080,
14075,
14072,
14070,
14069,
14068,
14067,
14066,
14065,
14063,
14062,
14061,
14060,
14059,
14058,
14057,
14056,
14055,
14054,
14052,
14051,
14048,
14047,
14043,
14042,
14041,
14040,
14039,
14038,
14037,
14036,
14035,
14034,
14033,
14032,
14031,
14030,
14029,
14028,
14027,
14026,
14025,
14024,
14021,
14020,
14013,
14012,
14011,
14010,
14009,
14008,
14006,
14005,
14004,
14001,
10004,
10006,
10007,
10009,
10010,
10011,
10014,
10016,
10017,
10019,
10020,
10022,
10023,
10024,
10026,
10027,
10029,
10034,
10035,
10038,
10044,
10045,
10048,
10055,
10065,
10069,
10072,
10080,
10082,
10087,
10105,
10106,
10110,
10112,
10118,
10119,
10121,
10122,
10124,
10128,
10132,
10133,
10149,
10151,
10153,
10154,
10156,
10157,
10160,
10163,
10164,
10165,
10166,
10169,
10171,
10172,
10174,
10176,
10177,
10179,
10213,
10249,
10256,
10259,
10260,
10268,
10270,
10271,
10272,
10276,
10277,
10279,
10280,
10281,
10282,
10286,
10453,
10454,
10456,
10457,
10462,
10463,
10464,
10467,
10468,
10469,
10472,
10474,
10499,
10704,
10803,
11701,
11704,
11705,
11706,
11707,
11715,
11716,
11717,
11719,
11725,
11730,
11731,
11737,
11739,
11803,
11854,
11855,
12009,
12017,
12023,
12024,
12029,
12035,
12036,
12037,
12045,
12046,
12053,
12054,
12055,
12056,
12060,
12062,
12064,
12073,
12075,
12083,
12084,
12085,
12087,
12092,
12106,
12110,
12130,
12131,
12132,
12137,
12141,
12155,
12157,
12159,
12165,
12167,
12174,
12187,
12189,
12201,
12202,
12203,
12204,
12205,
12208,
12210,
12222,
12224,
12227,
12229,
12230,
12233,
12236,
12238,
12239,
12240,
12241,
12243,
14437,
14512,
14532,
14541,
14588,
14701,
14708,
14711,
14719,
14720,
14724,
14726,
14727,
14728,
14730,
14731,
14732,
14733,
14736,
14737,
14740,
14743,
14744,
14747,
14748,
14750,
14753,
14757,
14766,
14767,
14769,
14770,
14774,
14775,
14779,
14782,
14783,
14784,
14785,
14786,
14788,
14801,
14802,
14803,
14804,
14805,
14807,
14808,
14809,
14812,
14813,
14815,
14816,
14821,
14822,
14824,
14826,
14830,
14837,
14839,
14840,
14841,
14843,
14845,
14856,
14858,
14859,
14860,
14861,
14863,
14864,
14871,
14877,
14878,
14879,
14880,
14882,
14886,
14891,
14892,
14893,
14895,
14897,
14898,
14901,
14903,
14904,
14905,
36065,
36067,
12255,
12257,
12261,
12288,
12301,
12304,
12305,
12306,
12308,
12309,
12345,
12421,
12433,
12459,
12460,
12465,
12469,
12487,
12490,
12503,
12506,
12508,
12511,
12512,
12513,
12522,
12523,
12527,
12530,
12531,
12533,
12534,
12537,
12540,
12541,
12545,
12547,
12548,
12565,
12566,
12567,
12571,
12572,
12574,
12578,
12580,
12581,
12582,
12583,
12594,
12601,
12603,
12604,
12725,
12740,
12758,
12804,
12808,
12810,
12811,
12814,
12815,
12835,
12839,
12845,
12858,
12914,
12921,
12922,
12924,
12927,
12930,
12949,
12952,
12955,
12958